10 0
20 0.0060137
30 0
40 0
50 0
60 0
70 0.000793574
80 0.000965491
90 0.00255753
100 0.00193538
110 0.00156311
120 0.00088383
130 0.00161487
140 0.000746731
150 0.00121177
160 0.000525765
170 0.00150343
180 0.00163313
190 0.00217198
200 0.00108167
210 0.00111091
220 0.00109025
230 0.00057325
240 0.00141394
250 0.00257313
260 0.00276462
270 0.000504071
280 0.00173908
290 0.000257843
300 0.00150042
310 0.00094372
320 0.00173887
330 0.000990656
340 0.000786609
350 0.000519412
360 0.000479292
370 0.00119807
380 0.00129505
390 0.00107092
400 0.000842314
410 0.000701152
420 0.000513629
430 0.00196876
440 0.000800524
450 0.00120763
460 0.000962351
470 0.00115026
480 0.00082434
490 0.00147898
500 0.00133218
510 0.00107625
520 0.001059
530 0.000613211
540 0.000571322
550 0.000526431
560 0.000754224
570 0.000824116
580 0.000532678
590 0.000442526
600 0.00021751
610 0.00188426
620 0.00105881
630 0.000653521
640 0.00197488
650 0.00151611
660 0.000680154
670 0.00114635
680 0.000627866
690 0.00115866
700 0.00129385
710 0.000915063
720 0.000806489
730 0.00111192
740 0.00098766
750 0.00115977
760 0.000823191
770 0.000925053
780 0.00117917
790 0.00071117
800 0.00131297
810 0.00167275
820 0.0011657
830 0.00142898
840 0.00129879
850 0.0008508
860 0.00119354
870 0.00167101
880 0.000638219
890 0.000876016
900 0.000833543
910 0.000845916
920 0.00114065
930 0.000892179
940 0.000812672
950 0.00103893
960 0.00151879
970 0.000734955
980 0.00101284
990 0.00100875
1000 0.000948333
