10 0.346304
20 0.505512
30 0.427268
40 0.454777
50 0.332083
60 0.39782
70 0.338449
80 0.465667
90 0.443775
100 0.505586
110 0.344271
120 0.513802
130 0.520358
140 0.36301
150 0.340083
160 0.540709
170 0.415951
180 0.43514
190 0.426324
200 0.433308
210 0.401695
220 0.334178
230 0.37602
240 0.395214
250 0.402585
260 0.427344
270 0.365723
280 0.346954
290 0.418698
300 0.402551
310 0.397725
320 0.454327
330 0.436269
340 0.39831
350 0.481531
360 0.467328
370 0.368144
380 0.413516
390 0.419369
400 0.410351
410 0.465642
420 0.42691
430 0.396605
440 0.476831
450 0.432889
460 0.371146
470 0.381758
480 0.464638
490 0.381266
500 0.418666
510 0.483954
520 0.409885
530 0.465627
540 0.431721
550 0.455443
560 0.450158
570 0.419913
580 0.423306
590 0.40307
600 0.394108
610 0.415705
620 0.45842
630 0.439358
640 0.4148
650 0.418924
660 0.452938
670 0.341668
680 0.438551
690 0.425871
700 0.449902
710 0.430845
720 0.422039
730 0.406539
740 0.43451
750 0.371063
760 0.425689
770 0.395271
780 0.426805
790 0.423429
800 0.420507
810 0.391572
820 0.460825
830 0.412049
840 0.420437
850 0.393708
860 0.424087
870 0.427731
880 0.443593
890 0.418597
900 0.387333
910 0.443984
920 0.3994
930 0.382778
940 0.453187
950 0.39415
960 0.392929
970 0.456397
980 0.404955
990 0.378985
1000 0.492326
